i:184
x: -0.00125109
 -0.00108151
-0.000288746
 0.000551164
 0.000916708
 0.000584294
-0.000270213
 -0.00118518
  -0.0017269
 -0.00114369
 0.000662555
  0.00622332
   0.0122883
   0.0153043
   0.0135058
  0.00793459
  0.00184114
 -0.00118518
-0.000342568
  0.00615125
   0.0235196
   0.0416003
   0.0498171
    0.043371
   0.0260268
  0.00793459
-0.000270213
 0.000574729
   0.0121819
   0.0414976
   0.0713379
   0.0842371
   0.0726598
    0.043371
   0.0135058
 0.000584294
  0.00104945
   0.0152304
   0.0496519
   0.0841145
   0.0984342
   0.0842371
   0.0498171
   0.0153043
 0.000916708
 0.000803901
   0.0135242
   0.0432304
   0.0724725
   0.0841145
   0.0713379
   0.0416003
   0.0122883
 0.000551164
-2.64157e-05
  0.00806338
   0.0260008
   0.0432304
   0.0496519
   0.0414976
   0.0235196
  0.00622332
-0.000288746
-0.000985308
  0.00204299
  0.00806338
   0.0135242
   0.0152304
   0.0121819
  0.00615125
 0.000662555
 -0.00108151
 -0.00161062
-0.000985308
-2.64157e-05
 0.000803901
  0.00104945
 0.000574729
-0.000342568
 -0.00114369
 -0.00125109
-0.000785408
-0.000699207
-0.000292502
 0.000150643
  0.00036047
 0.000211784
 -0.00021068
-0.000669737
-0.000942374
-0.000730797
 0.000171411
   0.0029563
  0.00600795
  0.00754261
  0.00666305
  0.00388617
  0.00084238
-0.000669737
-0.000320949
  0.00291986
    0.011598
   0.0206519
   0.0247863
   0.0215832
   0.0129226
  0.00388617
 -0.00021068
 0.000159583
   0.0059544
   0.0205988
   0.0355259
    0.041996
   0.0362202
   0.0215832
  0.00666305
 0.000211784
 0.000423155
  0.00750608
   0.0247011
   0.0419299
   0.0490954
    0.041996
   0.0247863
  0.00754261
  0.00036047
 0.000318168
  0.00667327
   0.0215126
   0.0361216
   0.0419299
   0.0355259
   0.0206519
  0.00600795
 0.000150643
-9.11453e-05
  0.00395108
   0.0129114
   0.0215126
   0.0247011
   0.0205988
    0.011598
   0.0029563
-0.000292502
-0.000571263
 0.000942666
  0.00395108
  0.00667327
  0.00750608
   0.0059544
  0.00291986
 0.000171411
-0.000699207
-0.000885437
-0.000571263
-9.11453e-05
 0.000318168
 0.000423155
 0.000159583
-0.000320949
-0.000730797
-0.000785408
